TP2 2020041973 = 58
1	2	
3	4	
5	6	
7	8	
9	10	
11	12	
13	14	
15	16	
17	18	
19	20	
21	22	
23	24	195	
25	26	190	
27	28	185	
29	30	182	
31	32	177	
33	34	171	
35	36	157	
37	38	141	
39	40	136	
41	42	137	
43	44	128	
45	46	122	
47	48	112	
49	50	105	
51	52	102	
53	54	103	
55	56	98	
57	58	84	
59	60	79	
61	62	73	
63	64	72	
65	66	67	
68	69	70	
71	74	75	
76	77	78	
80	81	82	198	
83	85	86	183	
87	88	89	172	
90	91	92	165	
93	94	95	158	
96	97	99	159	
100	101	104	144	
106	107	108	113	
109	110	111	114	
115	116	117	118	
119	120	121	123	
124	125	126	127	199	
129	130	131	132	178	
133	134	135	138	166	
139	140	142	143	149	
145	146	147	148	150	
151	152	153	154	155	
156	160	161	162	163	181	
164	167	168	169	170	173	
174	175	176	179	180	184	186	
187	188	189	191	192	193	194	196	
197	200	
