TP2 2020041973 = 92
1	2	
3	4	
5	6	
7	8	
9	10	
11	12	
13	14	
15	16	
17	18	
19	20	
21	22	
23	24	
25	26	
27	28	
29	30	
31	32	
33	34	
35	36	
37	38	
39	40	
41	42	
43	44	300	
45	46	293	
47	48	294	
49	50	286	
51	52	269	
53	54	267	
55	56	257	
57	58	258	
59	60	259	
61	62	253	
63	64	239	
65	66	238	
67	68	240	
69	70	231	
71	72	225	
73	74	226	
75	76	219	
77	78	220	
79	80	209	
81	82	210	
83	84	207	
85	86	199	
87	88	197	
89	90	193	
91	92	189	
93	94	186	
95	96	178	
97	98	179	
99	100	180	
101	102	172	
103	104	158	
105	106	159	
107	108	149	
109	110	150	
111	112	145	
113	114	138	
115	116	133	
117	118	130	
119	120	125	
121	122	126	
123	124	127	
128	129	131	
132	134	135	
136	137	139	
140	141	142	
143	144	146	
147	148	151	279	
152	153	154	265	
155	156	157	264	
160	161	162	247	
163	164	165	241	
166	167	168	236	
169	170	171	237	
173	174	175	221	
176	177	181	206	
182	183	184	198	
185	187	188	190	
191	192	194	195	
196	200	201	202	
203	204	205	208	
211	212	213	214	260	
215	216	217	218	248	
222	223	224	227	242	
228	229	230	232	233	
234	235	243	244	245	287	
246	249	250	251	252	254	
255	256	261	262	263	266	
268	270	271	272	273	274	275	276	
277	278	280	281	282	283	284	285	
288	289	290	291	292	295	296	297	298	
299	
