TP2 2020041973 = 45
24	34	68	99	155	184	207	251	
31	106	124	137	161	197	200	203	278	
12	36	116	123	182	211	289	
16	54	56	84	130	165	
29	46	48	81	185	187	259	277	
49	103	127	157	175	183	
57	92	142	147	198	224	253	295	
32	35	91	115	150	206	275	293	
67	107	131	190	246	256	297	
7	62	87	111	154	244	299	
15	19	20	100	178	242	262	
8	93	152	186	220	252	272	296	
14	47	51	140	199	214	267	
18	33	86	156	162	201	233	294	
25	58	72	172	181	195	204	
9	55	95	119	129	196	221	
43	71	73	77	101	114	164	239	
6	42	50	126	160	177	286	
4	52	134	202	236	245	292	
61	65	70	82	85	121	158	264	
3	83	113	229	240	263	
27	79	148	205	232	271	
66	118	231	235	273	285	300	
11	13	21	63	64	215	280	291	
45	96	166	168	248	266	298	
39	69	89	97	112	143	208	
44	59	75	80	109	120	128	153	
76	138	149	159	176	254	276	284	287	
98	125	145	193	209	217	269	279	
40	74	110	174	249	260	
94	122	132	213	216	219	223	241	
2	102	108	169	225	237	
38	144	210	261	265	283	
5	28	133	212	228	234	250	
10	37	88	170	191	192	226	
26	78	151	227	268	
17	23	146	171	173	189	
1	90	188	243	257	258	
60	105	139	194	230	282	290	
30	41	238	255	274	
167	218	247	
117	141	270	288	
104	135	136	
53	180	222	281	
22	163	179	
