TP2 2020041973 = 31
20	25	28	36	102	109	194	
4	64	72	156	183	191	
23	127	128	171	176	195	197	
44	81	123	130	131	154	170	181	
9	32	59	66	79	119	
49	100	110	111	115	138	151	187	
13	45	63	80	82	94	178	
24	29	61	84	89	90	
27	51	95	107	129	137	189	
5	68	101	117	124	165	
7	8	22	47	140	143	
10	65	106	144	153	167	185	
56	70	78	97	105	188	
38	50	93	120	122	168	186	196	
6	40	87	88	126	147	152	
41	62	99	145	159	164	180	
19	26	35	77	155	161	190	
18	86	113	114	163	173	175	
33	83	150	157	179	184	199	
3	43	48	67	98	139	149	174	
11	21	71	132	135	142	
2	12	30	31	75	158	192	
34	52	55	136	160	169	
14	42	60	74	116	148	
15	16	17	53	69	85	133	
37	39	58	76	103	166	177	
92	96	118	121	141	200	
46	54	108	125	172	
73	112	134	162	
1	57	91	146	182	
104	193	198	
